1500
4300
2160
6200
6300
5000
2200
7900
6200
10000
2600
2600
2600
2600
200
1200
0
0
0
0
0
0
0
0
0
0
0
0
0
0
0
0
0
0
0
0
0
0
0
0
0
0
0
0
0
0
0
0
0
0
0
0
0
0
0
0
0
0
0
0
0
0
0
0
0
0
0
0
0
0
0
0
0
0
0
0
0
0
0
0
0
0
0
0
0
0
0
0
0
0
0
0
0
0
0
0
0
0
0
0
0
0
0
0
0
0
0
0
0
0
0
0
0
0
0
0
0
0
0
0
0
0
0
0
0
0
0
0
0
0
0
0
0
0
0
0
0
0
0
0
0
0
0
0
0
0
0
0
0
0
0
0
0
0
0
0
0
0
0
0
0
0
0
100
100
100
400
600
600
600
1200
3100
3100
3100
3100
3100
3100
2200
2300
2300
0
0
1000
2800
3100
3100
5400
1700
400
4700
3900
1160
3900
10500
1600
1120
1230
1530
3900
1900
1900
1900
1400
3800
1150
1010
4800
1240
7400
4800
9400
2400
11300
7400
5000
7600
15200
11900
7400
4400
2300
14800
11900
2500
